100000 1
200000 0
300000 2
400000 1
500000 2
600000 1
700000 1
800000 0
900000 1
1000000 0
1100000 1
1200000 0
1300000 2
1400000 3
1500000 0
1600000 1
1700000 2
1800000 2
1900000 0
2000000 5
2100000 2
2200000 4
2300000 2
2400000 0
2500000 4
2600000 0
2700000 2
2800000 0
2900000 4
3000000 2
3100000 0
3200000 0
3300000 4
3400000 0
3500000 0
3600000 0
3700000 5
3800000 1
3900000 1
4000000 10
4100000 3
4200000 1
4300000 2
4400000 2
4500000 4
4600000 1
4700000 3
4800000 3
4900000 0
5000000 2
5100000 7
5200000 0
5300000 3
5400000 9
5500000 13
5600000 5
5700000 5
5800000 6
5900000 10
6000000 9
6100000 7
6200000 7
6300000 4
6400000 6
6500000 12
6600000 8
6700000 8
6800000 5
6900000 16
7000000 16
7100000 11
7200000 12
7300000 13
7400000 11
7500000 15
7600000 5
7700000 9
7800000 8
7900000 17
8000000 15
8100000 16
8200000 9
8300000 8
8400000 10
8500000 22
8600000 18
8700000 19
8800000 13
8900000 22
9000000 21
9100000 19
9200000 23
9300000 17
9400000 26
9500000 16
9600000 15
9700000 21
9800000 18
9900000 27
10000000 21
10100000 31
10200000 29
10300000 37
10400000 18
10500000 19
10600000 24
10700000 30
10800000 39
10900000 49
11000000 26
11100000 42
11200000 39
11300000 43
11400000 43
11500000 2
11600000 0
11700000 57
11800000 52
11900000 34
12000000 24
12100000 52
12200000 47
12300000 41
12400000 46
12500000 33
12600000 47
12700000 72
12800000 48
12900000 29
13000000 17
13100000 43
13200000 49
13300000 72
13400000 87
13500000 32
13600000 73
13700000 76
13800000 41
13900000 78
14000000 75
14100000 83
14200000 65
14300000 32
14400000 82
14500000 22
14600000 126
14700000 68
14800000 80
14900000 99
15000000 159
15100000 41
15200000 225
15300000 37
15400000 73
15500000 69
15600000 87
15700000 106
15800000 39
15900000 83
16000000 82
16100000 83
16200000 80
16300000 271
16400000 42
16500000 113
16600000 141
16700000 44
16800000 39
16900000 42
17000000 86
17100000 198
17200000 141
17300000 130
17400000 2
17500000 98
17600000 234
17700000 120
17800000 221
17900000 73
18000000 90
18100000 262
18200000 16
18300000 58
18400000 292
18500000 55
18600000 105
18700000 81
18800000 44
18900000 93
19000000 249
19100000 138
19200000 199
19300000 1
19400000 167
19500000 85
19600000 238
19700000 294
19800000 0
19900000 93
20000000 138
20100000 0
20200000 209
20300000 194
20400000 15
20500000 164
20600000 268
20700000 128
20800000 107
20900000 22
21000000 93
21100000 109
21200000 296
21300000 40
21400000 27
21500000 8
21600000 302
21700000 31
21800000 83
21900000 63
22000000 223
22100000 247
22200000 130
22300000 142
22400000 160
22500000 262
22600000 124
22700000 227
22800000 257
22900000 103
23000000 278
23100000 294
23200000 324
23300000 296
23400000 241
23500000 232
23600000 83
23700000 187
23800000 124
23900000 233
24000000 247
24100000 276
24200000 258
24300000 110
24400000 184
24500000 339
24600000 273
24700000 355
24800000 24
24900000 199
25000000 277
25100000 8
25200000 80
25300000 278
25400000 197
25500000 305
25600000 8
25700000 83
25800000 203
25900000 48
26000000 261
26100000 309
26200000 380
26300000 243
26400000 296
26500000 299
26600000 287
26700000 4
26800000 79
26900000 249
27000000 275
27100000 311
27200000 258
27300000 59
27400000 65
27500000 364
27600000 223
27700000 16
27800000 213
27900000 164
28000000 282
28100000 254
28200000 103
28300000 22
28400000 329
28500000 370
28600000 250
28700000 172
28800000 315
28900000 263
29000000 248
29100000 321
29200000 255
29300000 251
29400000 264
29500000 56
29600000 281
29700000 281
29800000 113
29900000 61
30000000 277
30100000 296
30200000 330
30300000 284
30400000 276
30500000 259
30600000 167
30700000 255
30800000 282
30900000 228
31000000 44
31100000 270
31200000 307
31300000 300
31400000 78
31500000 16
31600000 146
31700000 274
31800000 339
31900000 265
32000000 270
32100000 363
32200000 259
32300000 259
32400000 297
32500000 351
32600000 24
32700000 249
32800000 113
32900000 332
33000000 2
33100000 317
33200000 276
33300000 381
33400000 312
33500000 210
33600000 307
33700000 326
33800000 292
33900000 290
34000000 250
34100000 312
34200000 229
34300000 321
34400000 9
34500000 144
34600000 307
34700000 0
34800000 279
34900000 19
35000000 286
35100000 364
35200000 304
35300000 329
35400000 309
35500000 360
35600000 310
35700000 332
35800000 323
35900000 298
36000000 291
36100000 341
36200000 328
36300000 321
36400000 361
36500000 266
36600000 285
36700000 355
36800000 346
36900000 243
37000000 249
37100000 404
37200000 270
37300000 160
37400000 331
37500000 342
37600000 318
37700000 283
37800000 7
37900000 399
38000000 22
38100000 12
38200000 417
38300000 122
38400000 228
38500000 298
38600000 309
38700000 348
38800000 335
38900000 313
39000000 412
39100000 155
39200000 325
39300000 342
39400000 28
39500000 122
39600000 370
39700000 110
39800000 375
39900000 375
40000000 74
40100000 404
40200000 379
40300000 376
40400000 387
40500000 52
40600000 384
40700000 302
40800000 306
40900000 348
41000000 317
41100000 337
41200000 339
41300000 421
41400000 342
41500000 357
41600000 354
41700000 50
41800000 358
41900000 23
42000000 362
42100000 320
42200000 405
42300000 370
42400000 352
42500000 7
42600000 347
42700000 91
42800000 356
42900000 57
43000000 58
43100000 339
43200000 373
43300000 386
43400000 287
43500000 359
43600000 84
43700000 371
43800000 248
43900000 283
44000000 293
44100000 45
44200000 26
44300000 315
44400000 341
44500000 374
44600000 385
44700000 191
44800000 420
44900000 388
45000000 361
45100000 94
45200000 342
45300000 370
45400000 275
45500000 360
45600000 380
45700000 404
45800000 409
45900000 380
46000000 150
46100000 355
46200000 418
46300000 346
46400000 396
46500000 166
46600000 354
46700000 377
46800000 306
46900000 348
47000000 371
47100000 339
47200000 410
47300000 203
47400000 400
47500000 95
47600000 359
47700000 378
47800000 377
47900000 129
48000000 170
48100000 425
48200000 337
48300000 338
48400000 377
48500000 322
48600000 290
48700000 331
48800000 297
48900000 299
49000000 364
49100000 410
49200000 202
49300000 281
49400000 256
49500000 391
49600000 396
49700000 95
49800000 291
49900000 383
50000000 320
50100000 359
50200000 399
50300000 403
50400000 51
50500000 389
50600000 207
50700000 358
50800000 401
50900000 399
51000000 427
51100000 392
51200000 369
51300000 368
51400000 108
51500000 75
51600000 9
51700000 359
51800000 313
51900000 367
52000000 296
52100000 338
52200000 368
52300000 307
52400000 363
52500000 358
52600000 388
52700000 392
52800000 420
52900000 363
53000000 404
53100000 380
53200000 427
53300000 382
53400000 389
53500000 20
53600000 372
53700000 391
53800000 32
53900000 332
54000000 385
54100000 314
54200000 319
54300000 61
54400000 389
54500000 337
54600000 124
54700000 307
54800000 336
54900000 369
55000000 359
55100000 24
55200000 413
55300000 409
55400000 132
55500000 403
55600000 365
55700000 289
55800000 322
55900000 157
56000000 406
56100000 411
56200000 207
56300000 318
56400000 353
56500000 390
56600000 354
56700000 374
56800000 222
56900000 372
57000000 367
57100000 366
57200000 393
57300000 409
57400000 402
57500000 5
57600000 90
57700000 427
57800000 14
57900000 417
58000000 417
58100000 352
58200000 369
58300000 421
58400000 366
58500000 49
58600000 141
58700000 300
58800000 350
58900000 420
